48
15808 838 11659
11731 470 14049
8933 177 8647
15165 472 4137
10164 732 13213
9520 768 2848
13481 895 11629
16681 524 13649
237 811 15392
360 890 1967
15796 746 13667
2136 278 16456
8538 901 4775
6024 810 11081
2585 401 828
7363 446 10186
10646 283 2371
12951 89 4913
5838 890 14786
14342 581 4353
9183 755 15985
1779 78 17029
14311 915 15371
16625 631 13507
4447 820 6351
3713 602 13893
14087 80 10919
8794 339 8833
1340 950 8731
796 225 6267
7073 475 16773
9661 910 6338
2954 862 14425
10270 529 9684
2394 869 12045
4633 55 2210
6519 455 1497
10455 200 12583
10056 886 6003
13293 476 16248
10386 275 16512
982 51 579
7028 674 3541
468 446 887
13872 375 16660
10637 324 11792
2168 347 1592
849 550 5221