48
11677 544 2607
8548 616 5612
16383 259 3807
9028 124 14310
16337 642 10526
5655 873 13648
2756 162 7089
2365 527 3206
10868 836 2817
6086 300 8692
16651 875 1550
2356 542 15443
9581 970 17113
14007 898 14057
4695 720 14801
7391 387 4611
1180 321 7311
16868 922 16055
899 136 9421
1255 630 5519
1363 166 17011
11196 604 5447
3298 743 9029
4336 274 11206
2225 611 8642
7696 421 7240
5801 512 7569
7739 577 2521
2318 959 3608
9952 280 14196
7748 592 873
6242 642 5133
11292 481 14653
16817 259 15829
12313 191 3968
8414 16 13600
502 350 17206
16484 25 1261
15749 289 14335
16075 309 8495
2117 626 12438
9434 99 2360
5618 426 10292
15660 303 6816
1021 121 7862
7004 857 12068
9750 768 13436
5673 203 9138